#1 type lightcurve 
#2 time e_time flux ed_flux eu_flux ulim_flux index ed_index eu_index TS 
#3 MJD MJD 10^{-6}s^{-1}cm^{-2} 10^{-6}s^{-1}cm^{-2} 10^{-6}s^{-1}cm^{-2} 10^{-6}s^{-1}cm^{-2} none none none none 
56346.0325174 0.00850115740741 3.918 1.452 1.452 12.12 -2.392 0.3544 0.3544 30.29 
56346.1687963 0.0121296296296 4.094 1.175 1.032 10.74 -2.383 0.2769 0.2574 46.88 
56346.3039757 0.0145891203704 2.851 0.8927 0.8927 7.129 -2.001 0.2228 0.2228 56.23 
56346.4366262 0.0145891203704 1.709 0.8203 0.6969 5.821 -2.511 0.4985 0.3973 9.922 
56346.5689873 0.0145891203704 3.411 1.086 0.9568 10.99 -3.021 0.4897 0.3892 22.26 
56346.7017882 0.0145891203704 4.41 1.108 0.983 10.02 -2.134 0.1987 0.185 59.85 
56346.8342593 0.0146064814815 6.769 1.994 1.994 18.22 -2.306 0.2623 0.2623 50.9 
56347.0940451 0.00919560185185 5.708 1.599 1.424 14.84 -2.441 0.2877 0.2563 40.06 
56347.2321701 0.0144155092593 4.491 1.161 1.071 14.12 -3.465 0.6001 0.496 51.59 
56347.3647164 0.0144155092593 5.555 1.151 1.05 13.86 -2.641 0.2371 0.2227 74.96 
56347.4972396 0.0144155092593 4.999 1.186 1.066 12.8 -2.551 0.2574 0.2292 61.12 
56347.6299711 0.0145891203704 4.797 1.132 1.014 13.17 -2.843 0.3218 0.2749 50.17 
56347.7625868 0.0144155092593 4.997 1.187 1.091 13.97 -2.926 0.3239 0.2856 44.22 
56348.0208391 0.00773726851852 1.115 1.014 1.014 6.121 -2.113 0.6265 0.6265 6.187 
56348.1579051 0.0121759259259 3.538 1.026 0.9085 9.103 -2.385 0.3014 0.2577 30.97 
56348.2928067 0.0144155092593 3.176 0.9692 0.8875 9.104 -2.671 0.4195 0.3362 22.83 
56348.4256308 0.0144155092593 4.553 1.171 1.063 11.45 -2.372 0.2441 0.2194 63.43 
56348.5581424 0.0145891203704 4.611 1.03 1.03 10.57 -2.212 0.2037 0.1811 76.76 
56348.6907697 0.0144155092593 3.999 1.073 0.9612 10.48 -2.476 0.2642 0.2515 53.47 
56349.0834838 0.00915509259259 4.342 1.25 1.064 11.11 -2.371 0.2818 0.2397 41.4 
56349.2210359 0.0142534722222 3.671 0.9515 0.8565 9.326 -2.458 0.2717 0.2461 45.08 
56349.3538021 0.0144155092593 4.624 1.057 0.9298 12.85 -2.953 0.3115 0.3115 56.8 
56349.4864988 0.0144155092593 4.602 1.092 0.9881 10.83 -2.308 0.2218 0.1938 60.52 
56349.6189525 0.0144155092593 4.455 1.137 1.03 10.4 -2.185 0.2072 0.198 69.83 
56349.7516609 0.0143344907407 5.617 1.214 1.087 14.83 -2.808 0.2729 0.2729 68.13 
56350.0092998 0.00684606481481 4.744 1.538 1.329 16.17 -3.236 0.5304 0.4397 27.74 
56350.1470544 0.0119270833333 3.062 0.9227 0.8023 7.441 -2.112 0.2443 0.2259 49.2 
56350.2819965 0.0142418981481 3.783 0.9216 0.9216 10.66 -2.824 0.3019 0.3019 42.34 
56350.4147975 0.0142418981481 3.93 0.9527 0.8375 10.28 -2.621 0.2889 0.2568 54.05 
56350.5472975 0.0142418981481 3.834 0.9481 0.9481 11.35 -3.03 0.372 0.372 38.06 
56350.6799248 0.0144155092593 5.325 1.102 1.017 14.59 -2.959 0.2803 0.2741 58.74 
56351.0727431 0.00931712962963 3.848 1.137 0.955 12.0 -3.119 0.4952 0.3984 33.25 
56351.2099653 0.0138310185185 4.993 0.8898 1.034 12.99 -2.932 0.3221 0.2671 68.53 
56351.3430961 0.0142418981481 4.208 1.006 0.923 10.8 -2.549 0.2802 0.2628 53.54 
56351.4758044 0.0142303240741 4.435 1.234 1.121 11.17 -2.298 0.2373 0.2154 57.9 
56351.5420428 0.0142418981481 5.382 1.837 1.566 15.71 -2.391 0.2784 0.2682 38.91 
56351.6083102 0.0142824074074 5.461 1.633 1.423 15.63 -2.56 0.2726 0.2712 41.99 
56351.9981192 0.0061400462963 5.573 1.745 1.514 15.17 -2.473 0.3164 0.3019 34.98 
56352.136088 0.0115856481481 4.357 1.036 0.9289 12.18 -2.927 0.3783 0.3279 46.38 
56352.2714178 0.014068287037 3.84 0.9131 0.8328 10.22 -2.671 0.2854 0.2677 62.44 
56352.4041609 0.014068287037 4.482 0.9309 0.9309 12.05 -2.848 0.2773 0.2773 65.12 
56352.5367882 0.0142418981481 3.059 0.8921 0.8059 8.156 -2.44 0.3049 0.2773 41.28 
56352.6694155 0.014068287037 3.789 0.97 0.8719 10.31 -2.717 0.3612 0.31 45.27 
56353.0621701 0.00898726851852 6.533 1.315 1.209 17.71 -3.057 0.3185 0.3025 82.41 
56353.1990451 0.0132118055556 5.434 1.049 0.9571 13.01 -2.595 0.2289 0.2107 87.94 
56353.3324248 0.014068287037 5.335 1.045 0.9615 12.95 -2.64 0.2262 0.2194 77.04 
56353.4651331 0.014068287037 5.199 1.069 0.9795 12.39 -2.535 0.2304 0.2173 69.41 
56353.597934 0.014068287037 5.752 1.13 1.052 16.34 -3.142 0.3037 0.2755 63.53 
56353.9878241 0.00603009259259 7.779 1.788 1.788 20.51 -2.648 0.2974 0.2974 57.37 
56354.1253993 0.0108506944444 6.793 1.181 1.181 15.62 -2.542 0.2028 0.2028 93.08 
56354.2611516 0.0138946759259 8.711 1.216 1.122 18.6 -2.494 0.1548 0.1455 183.5 
56354.3938368 0.0138946759259 9.427 1.302 1.214 20.27 -2.515 0.1533 0.146 183.0 
56354.5264525 0.014068287037 9.522 1.294 1.294 20.35 -2.493 0.1529 0.1529 182.3 
56354.6628067 0.0102488425926 6.49 1.333 1.205 16.56 -2.735 0.2527 0.2341 78.28 
56355.0516262 0.00837384259259 6.317 1.308 1.308 16.67 -2.796 0.2717 0.2717 63.67 
56355.1882755 0.0124074074074 6.704 1.141 1.049 17.22 -2.984 0.2632 0.2397 109.9 
56355.3224711 0.0138946759259 7.376 1.103 1.103 18.07 -2.859 0.234 0.211 128.2 
56355.4551562 0.0138946759259 6.654 1.101 1.024 16.25 -2.807 0.2158 0.2158 113.0 
56355.5875984 0.0138946759259 7.35 1.237 1.131 16.55 -2.514 0.1787 0.1704 117.8 
56355.6593634 0.00865740740741 8.019 1.413 1.309 18.05 -2.491 0.2049 0.1871 105.3 
56355.7287211 0.00556134259259 7.762 1.658 1.479 22.17 -3.186 0.3382 0.3382 76.28 
56355.9775521 0.00564236111111 6.937 1.511 1.343 16.5 -2.524 0.2729 0.2365 61.5 
56356.0463194 0.00803240740741 6.596 1.205 1.096 14.11 -2.309 0.1855 0.1708 123.0 
56356.1146759 0.0100810185185 7.844 1.089 1.089 18.35 -2.795 0.1975 0.1975 150.7 
56356.1828762 0.0120196759259 8.991 1.08 1.062 18.34 -2.451 0.1417 0.1349 251.5 
56356.2511632 0.0138715277778 9.38 1.006 0.9588 19.79 -2.631 0.1396 0.1288 280.9 
56356.3172743 0.0138946759259 7.657 1.006 0.9392 17.44 -2.754 0.1771 0.1645 168.8 
56356.3836748 0.0138946759259 8.74 1.021 1.021 19.62 -2.751 0.1603 0.1603 210.6 
56356.4499016 0.0138946759259 10.07 1.094 1.094 22.76 -2.815 0.1543 0.1543 254.3 
56356.5164641 0.0138946759259 9.019 1.062 1.062 19.93 -2.7 0.1547 0.1467 212.6 
56356.582691 0.0138946759259 8.98 1.073 1.073 19.59 -2.649 0.1476 0.1476 208.4 
56356.6543461 0.00868634259259 8.54 1.395 1.354 19.3 -2.582 0.2089 0.19 115.2 
56356.7234433 0.00590856481481 8.474 1.604 1.499 18.17 -2.273 0.1884 0.1784 118.4 
56356.9723553 0.00538773148148 9.001 1.613 1.558 19.13 -2.33 0.1894 0.1747 110.5 
56357.0409954 0.00767361111111 13.19 1.546 1.546 26.94 -2.48 0.1375 0.1375 256.5 
56357.1092998 0.00968171296296 11.38 1.396 1.318 21.75 -2.253 0.121 0.1152 257.2 
56357.1774306 0.0116782407407 12.16 1.283 1.217 23.6 -2.383 0.113 0.1087 329.3 
56357.2460938 0.0137210648148 9.244 1.048 1.048 20.33 -2.703 0.1446 0.1446 234.8 
56357.3123669 0.0137210648148 8.327 1.032 0.9583 18.48 -2.708 0.1614 0.153 204.5 
56357.3787674 0.0138946759259 8.48 1.03 0.9637 19.56 -2.844 0.1713 0.1616 209.4 
56357.4449942 0.0138946759259 5.58 0.9028 0.8337 12.81 -2.624 0.1904 0.1779 118.7 
56357.5113947 0.0137210648148 8.983 1.103 0.996 19.21 -2.603 0.1518 0.1419 229.5 
56357.5777836 0.0138946759259 6.576 1.007 0.9311 15.65 -2.799 0.2042 0.1895 123.4 
56357.6493461 0.00868634259259 8.139 1.31 1.209 19.57 -2.797 0.2256 0.2072 134.2 
56357.7181076 0.00625578703704 8.086 1.488 1.348 20.87 -2.932 0.2763 0.2519 103.4 
56357.7863137 0.00434606481481 12.22 2.011 2.011 28.5 -2.695 0.2347 0.2072 127.0 
56357.9671181 0.00510416666667 16.04 2.172 1.922 34.96 -2.623 0.1798 0.1554 208.7 
56358.0356424 0.0072974537037 9.888 1.493 1.331 20.58 -2.401 0.1533 0.1553 169.5 
56358.1039005 0.00928240740741 7.787 1.255 1.132 17.21 -2.52 0.1856 0.1732 126.1 
56358.1721354 0.0111631944444 7.079 1.067 0.9844 18.78 -3.173 0.244 0.2247 138.4 
56358.2410822 0.0138946759259 8.108 0.9812 0.9631 16.51 -2.444 0.1371 0.1315 234.1 
56358.3074479 0.0137210648148 7.73 0.9692 0.9184 17.92 -2.843 0.1805 0.1672 200.8 
56358.3738368 0.0138946759259 9.069 1.079 1.041 18.24 -2.426 0.1355 0.1263 210.9 
56358.4400637 0.0138946759259 6.134 0.9436 0.8766 12.86 -2.374 0.1613 0.1519 146.6 
56358.5064641 0.0137210648148 6.045 0.9401 0.8707 13.82 -2.635 0.1921 0.1775 127.4 
56358.5728646 0.0138946759259 4.994 0.7896 0.8773 11.5 -2.622 0.2093 0.194 100.2 
56358.6441146 0.0088599537037 6.857 1.234 1.117 14.84 -2.359 0.1802 0.1682 128.6 
56358.7127025 0.00660300925926 6.652 1.359 1.235 17.53 -2.928 0.3016 0.2719 77.58 
56358.7807812 0.00469328703704 8.702 1.746 1.746 20.94 -2.577 0.242 0.242 80.69 
56358.9618229 0.0047974537037 5.657 1.558 1.416 14.96 -2.555 0.3004 0.3006 43.86 
56359.030272 0.00692708333333 6.49 1.311 1.181 14.05 -2.251 0.1951 0.1773 100.9 
56359.0985069 0.00887731481481 5.2 1.067 0.9702 11.81 -2.385 0.2165 0.2028 88.71 
56359.1668113 0.0106886574074 6.827 1.097 1.012 14.91 -2.479 0.1776 0.1661 135.3 
56359.2361516 0.0137210648148 6.312 0.9133 0.8536 13.61 -2.508 0.16 0.1523 155.4 
56359.3025289 0.0137210648148 7.172 0.952 0.952 16.01 -2.657 0.1689 0.1689 171.5 
56359.3689294 0.0138946759259 8.453 1.015 1.015 18.57 -2.69 0.1582 0.1582 205.2 
56359.4351563 0.0138946759259 6.492 0.9659 0.8989 14.56 -2.61 0.1822 0.1694 133.6 
56359.5015567 0.0137210648148 8.8 1.079 1.0 18.9 -2.613 0.1498 0.1424 222.2 
56359.5684433 0.0132002314815 7.644 1.03 0.9568 15.93 -2.45 0.1505 0.1403 196.8 
56359.6389525 0.00920717592593 7.205 1.187 1.088 15.44 -2.41 0.1834 0.1673 140.3 
56359.7072743 0.00695023148148 4.489 1.159 1.031 11.3 -2.475 0.2981 0.2683 48.89 
56360.0931192 0.00847800925926 9.588 1.535 1.399 21.54 -2.572 0.2123 0.1853 125.0 
56360.2307176 0.0134490740741 11.2 1.381 1.294 24.8 -2.696 0.1581 0.1483 211.1 
56360.3633738 0.0132465277778 8.034 1.249 1.141 17.43 -2.465 0.1638 0.1545 161.6 
56360.495816 0.0132465277778 5.827 1.084 0.9871 13.65 -2.556 0.2179 0.2012 102.1 
56360.6335359 0.00938078703704 6.271 1.291 1.125 14.3 -2.399 0.2171 0.1954 88.65 
56361.0195197 0.00615162037037 5.919 1.622 1.422 16.55 -2.715 0.3778 0.3303 44.41 
56361.1599248 0.01390625 7.399 1.194 1.104 18.4 -2.899 0.2314 0.2109 111.3 
56361.2924942 0.0138483796296 6.073 1.051 1.051 14.66 -2.662 0.218 0.196 101.7 
56361.42511 0.0140219907407 7.138 1.185 1.092 16.27 -2.554 0.1932 0.181 126.1 
56361.5592882 0.0123321759259 4.635 1.105 0.9786 11.07 -2.387 0.2477 0.2099 50.63 
56361.6964988 0.00781828703704 5.383 1.36 1.36 18.69 -3.846 0.5333 0.5333 72.27 
56362.0822338 0.0077662037037 5.583 1.41 1.247 15.76 -2.942 0.3493 0.3291 46.12 
56362.2211863 0.0140219907407 7.243 1.078 1.078 16.21 -2.561 0.1707 0.1707 146.1 
56362.3536343 0.0140162037037 7.355 1.19 1.096 18.2 -2.856 0.2144 0.1997 114.8 
56362.4864294 0.0140219907407 5.407 1.107 1.044 12.96 -2.529 0.2192 0.2196 73.49 
56362.622853 0.0100752314815 6.997 1.295 1.177 16.14 -2.515 0.2131 0.1932 111.0 
56362.7590567 0.00677662037037 1.745 1.03 0.7986 6.57 -2.57 0.7085 0.5094 7.609 
56363.1496586 0.014068287037 5.182 1.036 0.9446 12.18 -2.476 0.2104 0.2027 85.32 
56363.2821586 0.0140219907407 4.48 0.9937 0.8985 10.68 -2.432 0.2282 0.2101 74.21 
56363.4149479 0.0140219907407 4.17 1.027 0.9416 10.84 -2.579 0.2762 0.2523 44.63 
56363.5489641 0.0126793981481 6.856 1.244 1.127 16.28 -2.631 0.227 0.2004 83.11 
56363.6856424 0.00868634259259 5.404 1.3 1.183 12.88 -2.368 0.2443 0.2313 53.59 
56364.0781076 0.0141493055556 6.233 1.231 1.231 16.14 -2.746 0.2422 0.2422 73.44 
56364.2106771 0.0140219907407 6.573 1.13 1.044 14.61 -2.457 0.1855 0.1734 109.4 
56364.3432928 0.0141956018519 5.321 1.086 0.9893 15.56 -3.202 0.3102 0.3102 68.89 
56364.4759896 0.0142418981481 2.793 0.8799 0.7896 9.315 -3.239 0.4991 0.4161 22.01 
56364.6119965 0.0107696759259 8.05 1.318 1.318 17.32 -2.361 0.1639 0.1639 128.4 
56364.7479572 0.00764467592593 6.733 1.496 1.342 14.73 -2.172 0.2061 0.177 86.98 
56365.1347917 0.00990740740741 6.648 1.293 1.293 16.24 -2.612 0.241 0.241 70.67 
56365.271794 0.0141898148148 6.054 1.343 1.343 15.72 -2.633 0.2549 0.2549 54.08 
56365.338015 0.0141956018519 3.376 1.384 1.148 10.41 -2.239 0.3071 0.2829 27.01 
56365.4042419 0.0141956018519 7.221 1.43 1.43 16.44 -2.305 0.1813 0.1813 94.24 
56365.5381076 0.0130266203704 3.497 0.8635 0.8635 10.23 -2.964 0.3353 0.3353 40.45 
56365.6744039 0.00938078703704 4.996 1.06 1.06 14.89 -3.243 0.3361 0.3361 59.99 
56366.0673611 0.0142824074074 4.999 1.064 0.9943 12.0 -2.463 0.2485 0.2228 81.43 
56366.2001331 0.014369212963 4.786 1.065 0.9405 9.54 -1.878 0.1466 0.1366 122.3 
56366.3325868 0.014369212963 3.865 0.9101 0.9101 8.691 -2.102 0.194 0.194 70.63 
56366.4652951 0.0144155092593 4.697 1.027 0.916 11.68 -2.586 0.2568 0.2251 66.62 
56366.600816 0.0112905092593 3.923 1.054 0.9395 10.29 -2.561 0.3138 0.2748 43.92 
56366.736603 0.00833912037037 5.453 1.372 1.209 13.64 -2.455 0.2557 0.2557 57.52 
56366.9957465 0.0143229166667 5.575 1.447 1.265 13.72 -2.333 0.2419 0.2357 56.85 
56367.1283044 0.014369212963 4.994 1.019 1.019 13.22 -2.843 0.2728 0.2728 67.35 
56367.2552836 0.00855902777778 5.651 1.426 1.252 14.31 -2.543 0.2667 0.2665 53.73 
56367.269728 0.0057349537037 8.566 2.23 2.013 23.22 -2.634 0.3302 0.2957 48.54 
56367.3935475 0.014369212963 4.999 1.197 0.9352 13.79 -2.862 0.3141 0.2805 58.08 
56367.5271817 0.0135474537037 4.287 1.052 0.9386 11.75 -2.806 0.3495 0.3008 47.49 
56367.6631308 0.0100752314815 2.276 0.9255 0.8034 7.117 -2.47 0.4103 0.3671 17.35 
56367.79864 0.0072974537037 2.565 1.276 1.066 9.606 -2.745 0.5595 0.4814 9.558 
56368.0566725 0.0145081018519 4.684 1.095 0.9724 13.25 -2.993 0.3306 0.3306 44.0 
56368.189265 0.014369212963 2.883 0.863 0.863 9.944 -3.437 0.5407 0.5407 27.61 
56368.321713 0.0143634259259 5.594 1.197 1.091 13.15 -2.394 0.2107 0.1944 88.03 
56368.4544155 0.0144155092593 4.035 1.04 1.04 10.84 -2.594 0.2739 0.2739 33.89 
56368.5895428 0.0118113425926 2.86 1.09 1.003 7.786 -2.081 0.2699 0.2699 33.69 
56368.7250868 0.0088599537037 5.562 1.426 1.267 15.13 -2.678 0.2817 0.2872 51.74 
56368.9847569 0.0144097222222 3.543 1.142 0.9929 9.036 -2.123 0.2471 0.2314 48.09 
56369.1105787 0.00751157407407 1.865 1.28 1.003 6.924 -1.836 0.3739 0.3878 23.24 
56369.1250174 0.00677662037037 5.424 1.915 1.627 14.48 -2.148 0.2815 0.2621 38.52 
56369.2500521 0.0145428240741 3.518 0.9795 0.9795 10.13 -2.614 0.3211 0.3211 36.38 
56369.3825868 0.0144155092593 5.295 1.197 1.08 13.82 -2.679 0.2691 0.2608 59.53 
